0.321816400960589,0.00114864438290877,0.14756928221055,-0.283236374677557,0.0784930535449159,0.0649936656393457,0.0307491905135041,0.0720978823580573,-0.160715056827199,-0.063040877012615,-0.164491268373983,-0.0256923915599419,-0.0538073594122565,0.0519393024659252,0.289053607508582,-0.307145595059412,-0.467329601130443,0.421953693384738,0.0448103504628481,-0.296159442585006,0.225255078187549
-0.00381664106253632,-0.140751991185576,-0.409616401439852,0.103077916362583,0.459318692982973,0.0135697735615048,-0.132385774764161,0.049063772773893,-0.241959479138111,-0.602656220546061,-0.267932527471311,-0.137443382546057,0.13101912692836,-0.185298659864991,-0.0562530905363633,-0.00127950177593895,0.0087663752085575,-0.0398207954929091,-0.00529859239140555,0.0362456994290066,-0.0241485785471842
0.148643088785358,-0.121994303914651,-0.0624908750615835,-0.357150764383449,0.109528561830746,0.0409105181194916,-0.304727656869148,-0.05938356434997,0.345663647158079,-0.322667120729932,0.46200723261202,0.505580145217874,-0.0849085850349745,0.0106840466181543,-0.0808527901620548,-0.0241839262156189,0.0626221871731266,0.000761282912180694,0.0735713433078154,-0.0702026906716726,0.0117042832303332
0.337800839490821,0.010250799805373,-0.0553522208120042,0.00957306287758015,0.0964461955717849,-0.0845912562293189,0.0973818612943834,0.206222851240817,-0.108912052540404,0.14460094352603,-0.0386125280447329,0.0877189297504845,0.0917548089865379,0.0875360467648154,-0.407567004344394,0.104800650878988,0.454330420572587,0.604137318746834,-0.0677146158259484,0.052357942465462,-0.0174458386210949
-0.00887298536795928,0.0149961402646668,-0.00999388565596008,-0.154661214128077,0.281207063241525,-0.323488644291763,0.688085709114492,-0.334943753219066,0.328250438495578,-0.107537984795331,0.097254963692794,-0.0956091982385682,0.137086914941323,-0.0874122869057797,0.131744768287419,0.106343128475076,-0.00501138744752923,0.0907857016282302,0.012728565677285,-0.00948370324226052,-0.0690943967560183
0.00680402299865988,0.461295395871534,-0.0364721893698966,-0.352749999615746,0.138055944902778,-0.193679289926937,-0.179249312830575,0.130812342568915,-0.0608889560928112,0.223350655772615,-0.165133028274068,0.0798057314323765,-0.167209586789339,-0.588775747287268,0.141501607368247,0.234676956861256,0.0892215626750522,-0.0549912219724549,0.062759656893011,-0.0243380125006402,-0.0559087738754102
0.0795152628195567,0.278410229122958,0.0385685491208103,-0.388628632059141,-0.421391464805649,0.167958963910393,0.0191470353518856,-0.152564237091743,-0.0595514784961591,-0.352180663320605,0.141079810015931,-0.521086208856967,0.0434941225642577,-0.0663363641610667,-0.30336945499915,-0.0265400150856831,0.0957103570290516,-0.00851802772350412,0.0354692815778384,0.0434946946300383,0.0616230383570527
-0.13488720774334,-0.0345463865861804,-0.000759514959483981,-0.298817064268801,0.190948595353547,0.423028746452494,0.0202451354040563,0.458276682153317,0.375193727756052,0.160251845588487,-0.0859992094798615,-0.148310806323017,0.485202807194657,0.0545372581155425,0.0482167323299977,0.0324495077289581,-0.00939396598543073,-0.0721045287734269,-0.146110047214158,0.0306244987402388,-0.016957054033697
0.0754593428561542,-0.214181969721418,-0.116993264583684,-0.0613523634612108,-0.1408209117956,0.62641530772214,0.329289431809917,-0.274222972381521,-0.0833474685865336,0.0798192596899658,-0.2371887151393,0.32199266551543,-0.144588300763108,-0.323031666438615,-0.12294953996625,0.113873559321443,-0.0485212976378415,0.00333132997870231,0.012502380013568,0.0689224479033078,-0.035458186830841
0.365686552797583,0.00354010206358304,-0.0341150254573323,0.0744839028594618,-0.0522808883442971,0.0525652471191914,-0.0957177828335502,-0.0247952422332554,-0.051403354675836,0.0564296948570186,0.143360040100848,-0.0995588162446391,0.169841376021864,-0.0234113530435106,0.101309563646402,0.0184715278206542,-0.205635046718997,0.0196579999956245,0.146076161428893,0.0170773601157305,-0.838858901827553
0.32650424141656,0.166473504324644,-0.1345606500219,0.233580839298061,-0.0905807767483667,0.00455167976202839,-0.0610189469312051,-0.118152903201479,0.064977383205764,-0.0034625033853041,0.0674144543002801,0.0252272320579403,0.200173235150167,-0.0270422867736362,-0.0551654640608653,0.398001991444658,-0.167497516185653,-0.142546181474938,-0.514879538477251,-0.460845105780505,0.172009836334245
-0.347313581759351,-0.0128124582196805,0.0562313974248133,-0.182741597259774,0.0536581122788723,-0.0111812434684068,0.122929324442189,0.0348826814261576,-0.185199782206764,-0.0249293673611801,0.0192455422734775,0.0682405545134529,-0.180209276366105,-0.00375575002773362,-0.132581502267772,-0.362032227658546,0.164681695101408,-0.0263561513287006,-0.490856758654943,-0.434926768983219,-0.37989654933516
0.359523048702662,-0.072544578852823,0.0103998683872745,-0.00717943371722486,-0.00711420668813725,-0.0313734550870511,-0.0617244802107677,-0.0708695437383909,0.101125689390372,0.018204512874422,0.00470769243553365,-0.0823483948664,-0.119030430535745,-0.13946160427896,0.273845568348786,-0.321477671617809,0.143755819913267,-0.0785770134265731,-0.564726814554988,0.527172273215992,0.0496798370082602
-0.0110984679006232,-0.518461385770696,0.0548029710016007,-0.0877775924176666,-0.0994861582393485,-0.25572289508652,-0.117116226384991,0.153870247485063,0.323254887300699,0.0432192675022019,-0.172183002747267,-0.268821105848649,-0.332838859995993,-0.190809389192542,-0.326066599529116,0.197819764889461,-0.29341798391246,0.0772301736675169,-0.0951728118020689,-0.0187844689477988,-0.072784856670511
0.314351535047803,-0.279434935459037,0.000619745078096118,0.104676776794377,-0.0137415998703323,0.0291904161005221,0.0128285840770813,0.017501050323553,0.137365831534546,0.121344316486003,-0.0287255732176103,-0.219496685509051,-0.00151487802819547,-0.214617101787142,0.133873428978869,-0.260059865637994,0.473223449844156,-0.261814996151973,0.304694246019521,-0.447367457867894,0.104653248464252
0.0863563858934246,0.0577474242968292,-0.311094265919853,0.0390330909675711,-0.365372862460793,-0.0609664638221565,0.384429950203514,0.602457673780054,0.0175727270949739,-0.268035003416462,0.0559156472229666,0.123316293001296,-0.261411516184316,0.0793167309300211,0.242453162272136,0.0974790897128131,0.0221745457530512,-0.0840128482190355,0.0178077580453653,-0.00236119260875283,-0.0409668880140458
0.305385651044673,0.14189569843107,-0.0135826258741508,-0.0919448311288228,0.216220623537185,-0.13562154129143,0.221734795623066,0.146196684965794,-0.113464548883904,0.157603434942524,-0.017115667300188,0.121166500621842,-0.00415526333138948,0.0984866847777029,-0.513392624663694,-0.27122618665498,-0.263920326189097,-0.499841074894427,0.0895126811016054,0.0989469551045457,0.0737877192249487
-0.0244097815571618,0.407548206842732,-0.197056939744252,0.232381557633773,-0.117998051865556,0.0195755354520253,-0.0974158880897504,-0.117972179632853,0.56383874847697,-0.085965302662378,-0.439043797144882,0.0933798807532565,-0.0796409434503927,0.0679673046458305,-0.134407373034843,-0.328677167473879,-0.0250923707503989,0.139851320153483,0.0641844129576325,-0.0588101572978021,-0.105621915762187
0.0192589758662469,0.238137345247674,0.178206827164671,0.323554491950244,0.422680877313474,0.381679862336582,0.0692811617879605,0.129072762462997,0.12062868813938,-0.0275506584503213,0.349501615576273,-0.265962592803899,-0.480631267267332,-0.0618030929919963,-0.0542481853523213,0.0603140292854645,-0.0482372821622639,0.0904690943432651,0.0085182576803521,-0.017822282625376,0.0130400970133311
0.0289910460081811,-0.0200817099193381,-0.588582538253415,-0.296369055934084,0.139114048901048,0.0678165856720211,-0.0857556083860864,-0.217789663680938,-0.0277755255313906,0.315669991386731,-0.0188727856690045,-0.220604713728271,-0.30633931026514,0.459303016032887,0.109757019353795,0.117775171067587,0.0520667186004313,-0.041373649920739,0.00741443333400907,-0.0331077048345267,-0.0042383740750752
0.195445023264559,0.0297594571595314,0.497329041002629,-0.14264077760947,0.115883199596212,0.046203407575129,-0.0101031770456894,-0.0376133485948235,0.0197240585832543,-0.255059122568996,-0.437355500506622,0.0631386184599027,-0.182893509098174,0.388029615319888,0.0908501242578832,0.323196795326949,0.218232216411423,-0.224494068257229,-0.0182607594523649,-0.0119632851801602,-0.142181695584913
